8 20 23 17 17 16 23 5 19 10 6 7 9 5 5 6 10 15 20 19 23 7 8 22 12 4 13 20 12 17 23 1 2 15 9 12 15 14 20 0 6 10 20 14 10 2 10 2 14 2 0 22 23 20 10 7 8 8 6 16 20 18 14 2 11 15 3 7 4 4 6 23 9 18 12 18 18 5 21 1 18 16 17 9 10 3 12 13 10 17 21 22 4 22 6 1 24 6 23 10 20 18 16 18 23 22 2 21 19 8 14 7 21 9 10 15 17 4 9 2 20 10 7 19 2 22 17 12 17 6 22 21 17 10 8 24 3 14 8 8 13 13 13 10 6 22 18 13 1 7 5 17 6 12 19 20 11 10 18 1 0 6 12 22 5 20 21 24 23 17 23 19 5 0 14 12 18 9 23 1 19 13 15 6 11 20 16 7 0 1 0 17 9 19 23 17 3 10 14 23
;
10 0 23 2 17 3 19 5 23 14 12 13 10 2 4 9 17 6 14 4 13 17 9 2 21 17 21 8 6 10 11 15 15 4 21 24 3 8 1 11 19 20 16 17 3 9 8 14 21 12 9 23 6 22 5 17 18 18 11 19 15 24 24 19 5 6 14 0 16 9 5 22 21 19 21 19 0 12 23 7 7 12 22 20 19 14 9 18 5 16 10 16 11 6 2 9 15 3 6 14 10 21 19 22 14 8 22 20 19 13 0 1 14 5 0 11 7 9 21 23 16 1 5 21 6 21 14 10 11 7 19 11 19 15 18 21 1 2 19 13 15 17 10 18 13 18 14 15 24 18 20 2 10 6 14 9 0 18 17 14 14 20 24 16 18 17 15 17 12 24 1 0 11 14 13 13 5 1 5 13 1 5 24 13 11 10 22 16 20 17 6 1 12 13 21 4 23 21 0 12
;
13 17 19 20 4 19 16 13 15 12 12 15 12 24 21 4 3 0 10 24 14 9 15 23 19 7 13 15 4 2 12 14 19 10 20 5 15 6 1 16 15 1 0 3 0 12 23 22 16 4 0 21 21 21 3 11 12 11 19 24 14 3 24 10 13 17 10 22 14 4 14 0 19 2 6 23 12 20 9 19 24 9 0 12 20 23 15 23 20 21 20 4 7 23 4 6 6 4 6 3 23 18 23 19 5 7 23 24 21 10 21 1 2 0 18 22 14 10 13 1 13 7 2 18 15 23 5 4 21 8 20 8 3 17 8 19 11 4 17 22 9 2 17 5 18 10 12 10 6 1 12 9 21 23 22 4 6 1 14 1 19 8 11 12 0 12 3 4 18 3 14 9 19 11 15 3 11 24 22 23 5 20 14 13 21 16 21 18 18 10 0 0 6 15 18 20 15 17 18 4
;
3 21 6 5 1 8 6 2 23 0 22 24 7 5 11 14 11 1 1 4 4 5 17 15 1 6 5 1 5 6 20 13 9 10 21 0 14 12 12 13 14 11 11 3 8 10 12 9 11 15 3 14 22 12 9 19 21 7 20 6 17 0 11 23 1 13 22 12 19 12 12 19 21 15 2 19 0 7 2 3 23 19 18 21 0 1 8 2 15 5 11 23 21 19 22 11 5 23 1 8 16 20 5 20 4 20 16 1 6 3 7 15 16 13 0 17 14 18 14 1 8 19 10 24 16 19 6 12 0 20 23 7 5 18 22 13 3 20 6 5 13 7 21 3 3 4 8 20 13 2 18 12 24 2 13 5 1 18 22 11 6 15 18 9 4 16 11 9 23 13 21 12 3 8 8 12 24 12 13 16 9 18 18 2 19 19 3 0 19 9 0 10 11 21 14 13 13 1 9 7
;
15 18 20 5 15 19 2 16 1 5 21 7 19 3 3 23 14 16 23 6 11 18 14 20 5 9 18 18 2 6 13 20 1 19 18 21 3 5 1 14 0 24 12 2 0 0 10 15 16 15 20 11 0 19 19 2 17 8 3 12 23 3 23 5 13 21 10 8 14 20 3 14 24 4 6 7 2 14 16 10 21 16 23 2 12 7 0 17 22 11 4 4 24 9 20 13 8 16 11 0 1 8 5 22 0 23 2 7 12 11 3 5 17 6 19 21 20 15 21 9 23 23 16 10 15 6 16 11 14 14 19 15 9 22 0 15 8 0 11 1 17 14 12 21 8 1 3 19 13 18 0 14 0 9 10 24 17 10 17 9 7 17 1 1 3 20 3 14 1 13 20 15 20 6 3 5 3 3 10 13 17 13 24 13 20 1 19 10 12 18 3 1 14 6 18 2 10 24 15 14
;
10 16 16 19 6 1 15 20 13 14 22 21 19 13 11 2 14 9 2 12 20 7 4 15 7 21 15 1 4 24 12 9 15 22 9 5 18 3 18 10 2 18 12 1 2 6 22 9 9 14 19 23 5 12 14 20 12 6 2 23 18 6 0 24 10 19 7 10 1 13 3 0 1 24 5 21 20 11 6 15 9 15 13 16 6 6 24 11 10 2 16 17 6 3 16 6 24 7 13 22 12 1 22 21 24 10 23 8 13 15 21 10 17 16 11 3 10 11 7 17 12 9 2 13 5 17 1 24 14 7 4 4 0 1 16 12 16 20 19 0 15 24 11 16 6 8 20 12 20 0 23 1 18 20 10 14 15 4 2 21 18 24 15 18 20 13 2 8 2 13 6 20 5 18 10 19 10 10 16 22 10 10 21 3 0 12 24 4 14 16 8 20 14 14 20 20 2 19 2 17
;
24 22 7 17 9 22 15 1 20 7 9 15 21 10 15 13 4 18 3 24 20 12 10 21 17 16 10 12 13 3 0 20 17 13 11 11 11 13 23 4 22 1 7 17 22 17 13 20 12 0 1 0 7 20 18 12 0 3 22 14 0 2 15 10 20 11 1 1 13 22 2 12 0 11 16 10 1 17 3 14 15 8 7 10 24 12 22 16 17 22 10 11 2 13 15 5 17 8 3 21 8 7 5 10 3 2 18 9 5 22 6 15 20 19 2 6 6 15 1 12 8 19 12 21 11 21 4 2 19 8 16 0 0 0 8 19 8 0 6 2 12 2 24 15 10 4 17 20 24 12 1 22 1 20 16 8 1 19 8 10 12 19 2 5 4 11 0 24 15 9 3 14 6 12 15 7 23 11 9 16 18 20 23 15 1 8 1 15 8 15 13 3 24 3 4 7 13 11 24 18
;
18 11 5 7 23 4 18 11 4 20 1 14 2 22 22 11 15 14 4 2 15 3 0 22 13 2 11 23 5 10 7 12 3 17 7 1 16 4 12 12 18 16 13 19 20 19 6 18 7 16 20 8 0 17 7 16 11 2 11 6 12 11 17 18 0 11 7 10 9 6 20 9 3 20 3 12 24 11 15 17 24 23 21 11 6 22 13 14 18 2 15 20 2 9 3 12 3 20 24 0 12 15 8 7 7 23 4 18 1 16 21 19 10 16 1 5 3 16 7 14 20 14 14 21 2 20 0 16 12 22 5 15 21 24 11 15 0 6 13 9 17 20 13 23 2 11 13 18 14 11 11 15 5 5 1 18 23 7 17 6 2 11 3 10 17 0 4 19 18 20 10 24 0 6 14 21 7 17 9 2 16 23 4 3 7 13 12 2 11 11 2 7 0 24 21 10 1 21 12 24
;
13 2 20 6 3 23 12 12 3 16 6 9 1 14 22 22 4 7 10 3 11 8 8 11 20 19 11 18 5 18 5 15 15 19 15 7 3 11 7 1 0 14 12 12 4 16 21 22 23 2 2 19 5 14 12 4 23 20 15 1 16 14 8 7 7 13 10 2 9 16 4 8 5 14 11 4 9 13 23 16 14 21 24 11 23 15 8 6 14 18 24 5 19 24 4 16 20 12 3 8 0 3 11 10 2 18 21 14 8 11 11 15 5 16 21 8 4 2 16 17 19 16 22 15 14 4 13 2 1 19 0 7 5 17 23 15 2 8 15 22 21 21 22 3 23 23 18 12 0 24 11 17 23 14 2 10 14 22 19 20 4 17 18 22 23 17 13 5 13 17 19 0 21 12 19 6 0 23 19 12 6 16 12 3 4 20 0 15 15 10 0 20 17 1 22 3 18 12 18 18
;
8 15 8 9 8 2 2 5 4 23 19 9 15 4 8 24 22 9 1 1 16 10 20 11 21 15 1 9 23 7 17 17 6 6 10 5 21 4 13 17 15 7 17 10 23 18 18 4 23 24 23 3 21 20 15 8 1 10 17 23 16 16 0 1 15 19 7 4 0 9 0 17 16 9 9 7 11 20 19 12 15 13 12 12 19 22 10 11 15 2 0 3 19 7 9 15 10 4 18 19 7 13 17 3 13 5 18 12 0 13 19 19 14 9 14 1 5 4 11 2 8 23 13 16 16 18 3 8 23 7 22 15 6 10 6 12 12 3 5 5 17 3 10 15 21 22 12 0 3 11 8 19 12 24 4 13 6 10 17 22 17 11 23 6 24 19 8 0 16 0 11 16 19 24 2 5 4 9 1 5 5 14 15 18 3 18 14 10 11 2 13 23 19 11 16 12 24 16 21 15
;
