10 13 9 9 12 12 0 3 16 20 2 3 24 7 18 24 17 16 22 12 12 21 22 0 8 18 14 16 15 7 3 6 17 6 13 11 12 23 15 1 7 8 16 7 18 7 19 23 21 15 18 20 11 23 9 18 18 10 16 12 13 17 3 17 16 0 3 6 18 4 24 12 0 7 22 20 15 6 10 16 22 13 6 15 17 21 14 2 19 12 13 2 6 21 23 14 14 5 14 22 15 1 11 24 24 6 20 8 11 2 4 5 4 6 12 10 10 14 16 2 7 4 8 15 14 11 13 17 19 20 4 19 16 13 15 12 12 15 12 24 21 4 3 0 10 24 14 9 15 23 19 7 13 15 4 2 12 14 19 10 20 5 15 6 1 16 15 1 0 3 0 12 23 22 16 4 0 21 21 21 3 11 12 11 19 24 14 3 24 10 13 17 10 22 14 4 14 0 19 2
;
0 13 18 11 5 8 3 21 6 5 1 8 6 2 23 0 22 24 7 5 11 14 11 1 1 4 4 5 17 15 1 6 5 1 5 6 20 13 9 10 21 0 14 12 12 13 14 11 11 3 8 10 12 9 11 15 3 14 22 12 9 19 21 7 20 6 17 0 11 23 1 13 22 12 19 12 12 19 21 15 2 19 0 7 2 3 23 19 18 21 0 1 8 2 15 5 11 23 21 19 22 11 5 23 1 8 16 20 5 20 4 20 16 1 6 3 7 15 16 13 0 17 14 18 14 1 8 19 10 24 16 19 6 12 0 20 23 7 5 18 22 13 3 20 6 5 13 7 21 3 3 4 8 20 13 2 18 12 24 2 13 5 1 18 22 11 6 15 18 9 4 16 11 9 23 13 21 12 3 8 8 12 24 12 13 16 9 18 18 2 19 19 3 0 19 9 0 10 11 21
;
4 6 7 2 14 16 10 21 16 23 2 12 7 0 17 22 11 4 4 24 9 20 13 8 16 11 0 1 8 5 22 0 23 2 7 12 11 3 5 17 6 19 21 20 15 21 9 23 23 16 10 15 6 16 11 14 14 19 15 9 22 0 15 8 0 11 1 17 14 12 21 8 1 3 19 13 18 0 14 0 9 10 24 17 10 17 9 7 17 1 1 3 20 3 14 1 13 20 15 20 6 3 5 3 3 10 13 17 13 24 13 20 1 19 10 12 18 3 1 14 6 18 2 10 24 15 14 21 6 20 8 22 9 4 7 19 17 6 5 14 23 18 19 14 24 1 15 17 5 1 8 12 5 9 5 4 15 3 16 8 18 12 4 16 16 2 7 4 19 0 15 7 1 0 20 20 23 22 20 8 13 14 12 18 1 4 21 6 15 18 6 18 13 20 12 12 1 2 18 21
;
0 15 24 11 16 6 8 20 12 20 0 23 1 18 20 10 14 15 4 2 21 18 24 15 18 20 13 2 8 2 13 6 20 5 18 10 19 10 10 16 22 10 10 21 3 0 12 24 4 14 16 8 20 14 14 20 20 2 19 2 17 20 19 9 0 3 18 11 18 0 10 23 22 8 5 14 23 12 19 11 3 13 16 5 14 4 0 6 19 16 19 7 0 9 7 2 10 20 12 2 10 11 16 7 11 2 4 21 21 19 12 22 10 20 3 24 24 12 2 4 5 8 6 17 5 9 19 3 2 0 21 20 13 15 10 21 11 14 8 8 9 16 23 5 13 4 15 11 5 17 1 2 21 24 16 0 13 14 0 14 23 20 14 4 9 7 24 12 6 12 2 3 23 2 13 22 5 2 20 10 14 7 17 21 23 7 7 19 6 8 5 14 4 15 24 17 13 21 6 0
;
13 4 1 11 22 2 20 24 12 12 17 23 9 10 24 9 3 11 1 19 3 22 4 21 15 24 20 23 24 1 24 18 18 3 21 7 7 2 3 22 12 16 24 24 19 11 10 14 21 11 18 13 13 3 10 19 10 18 3 0 18 14 9 12 22 12 7 1 20 0 20 7 21 18 5 4 15 10 0 11 22 24 23 11 7 3 1 6 8 18 9 24 22 17 0 12 8 0 4 11 3 13 10 12 2 4 1 12 0 18 1 11 9 9 14 8 6 15 12 6 4 7 14 16 5 21 12 16 10 16 21 14 24 1 14 3 0 21 18 22 5 0 23 19 13 22 5 22 20 23 17 14 9 23 19 0 12 24 22 13 13 21 13 7 0 12 18 14 16 6 21 11 22 20 0 13 11 18 24 22 20 16 12 19 6 13 24 14 11 15 9 8 21 21 14 17 4 17 14 15
;
11 22 20 11 5 19 11 16 2 8 7 4 22 9 8 22 12 8 3 0 20 13 15 0 13 23 23 8 15 21 12 22 9 20 12 2 12 24 2 22 13 16 5 24 6 19 9 8 21 21 5 17 13 1 16 1 12 0 22 16 9 16 24 8 2 18 8 23 5 6 13 12 17 3 15 2 8 10 7 1 1 9 9 15 23 6 3 2 10 2 3 13 0 10 21 18 15 2 2 23 4 16 12 1 21 22 16 21 19 16 8 11 3 17 3 9 16 14 5 21 6 4 18 13 2 20 11 24 1 0 12 21 10 2 10 4 23 14 22 22 13 6 18 22 13 2 20 6 3 23 12 12 3 16 6 9 1 14 22 22 4 7 10 3 11 8 8 11 20 19 11 18 5 18 5 15 15 19 15 7 3 11 7 1 0 14 12 12 4 16 21 22 23 2 2 19 5 14 12 4
;
20 9 0 17 21 7 0 15 3 24 11 7 20 19 11 7 10 15 7 11 10 0 0 8 5 6 20 23 9 13 3 24 18 18 22 16 2 3 4 18 11 18 0 3 10 21 7 20 3 12 23 5 6 10 7 5 15 6 5 16 17 22 21 24 20 2 12 12 2 5 14 11 23 9 20 0 13 0 12 2 23 20 12 24 13 18 16 16 1 15 18 24 2 8 15 8 9 8 2 2 5 4 23 19 9 15 4 8 24 22 9 1 1 16 10 20 11 21 15 1 9 23 7 17 17 6 6 10 5 21 4 13 17 15 7 17 10 23 18 18 4 23 24 23 3 21 20 15 8 1 10 17 23 16 16 0 1 15 19 7 4 0 9 0 17 16 9 9 7 11 20 19 12 15 13 12 12 19 22 10 11 15 2 0 3 19 7 9 15 10 4 18 19 7 13 17 3 13 5 18
;
11 2 23 11 13 10 19 23 8 24 5 2 19 5 9 14 9 24 10 20 9 16 4 0 3 17 10 6 0 0 18 22 18 20 23 24 2 22 1 22 8 18 22 13 22 15 11 15 4 0 5 3 0 8 18 5 13 9 12 10 5 6 0 0 5 13 7 6 1 24 23 13 7 18 21 8 4 18 1 4 9 5 12 19 15 4 16 14 5 1 10 17 21 22 22 0 4 19 24 5 17 6 16 12 19 24 10 0 24 8 16 9 0 16 17 24 18 20 6 13 7 13 13 17 10 6 9 13 14 16 6 24 6 7 17 4 18 5 24 17 9 15 19 14 22 6 11 0 0 0 15 12 9 20 8 9 3 6 11 13 8 21 1 0 11 21 14 21 23 3 13 4 16 8 9 18 1 24 12 0 10 6 22 14 17 19 22 0 24 6 10 22 17 18 9 4 16 5 17 16
;
9 16 19 11 1 21 23 13 20 7 0 19 20 13 7 16 12 18 3 8 4 3 22 7 6 7 2 20 9 13 4 19 15 11 13 18 3 22 15 19 5 24 9 18 18 6 7 6 21 8 8 20 17 9 8 12 12 2 23 13 23 2 13 11 19 12 18 15 9 13 1 14 24 8 15 3 7 13 16 14 6 5 13 14 20 21 14 10 7 14 1 8 3 8 24 1 8 4 9 3 4 8 0 4 3 21 3 13 3 13 20 22 3 11 20 17 22 7 14 15 18 20 8 23 19 9 12 14 0 16 18 6 23 17 14 2 7 23 19 22 14 21 14 12 22 0 2 20 9 16 17 10 9 11 16 0 4 23 20 24 12 3 10 7 14 6 12 15 11 10 21 14 4 3 1 4 7 21 0 13 23 15 1 0 11 18 15 7 9 2 9 20 4 20 2 16 17 6 4 15
;
11 3 2 12 16 8 17 20 11 7 13 24 11 24 23 13 16 5 23 5 20 13 3 12 2 10 11 3 3 22 17 14 16 16 17 14 2 24 14 24 8 4 18 1 1 5 24 6 20 12 16 6 18 1 18 9 7 14 15 0 17 23 20 20 16 15 15 18 18 17 5 14 22 10 15 16 6 3 6 22 7 13 10 9 13 9 19 24 10 13 17 16 16 14 14 1 16 22 8 11 18 14 20 19 5 18 18 19 8 14 11 9 2 18 20 12 23 13 17 13 7 5 8 20 17 7 6 9 3 3 1 16 9 6 17 24 13 6 19 21 2 11 8 6 11 5 15 2 15 2 15 15 2 6 14 16 18 20 12 7 8 15 17 0 3 22 13 13 21 15 21 10 13 17 16 16 19 0 15 6 13 17 3 15 2 10 4 22 5 23 22 21 11 3 7 19 23 5 9 18
;
