2 3 8 7 8 13 14 13 13 18 18 18 18 18 13 12 13 14 9 9 14 9 14 9 14 9 9 14 9 14 19 24 19 18 13 14 13 12 12 7 2 7 7 12 12 12 13 12 7 2 7 6 11 10 15 20 23 18 19 14 9 8 3 3 4 9 4 3 3 8 7 6 7 12 11 12 17 18 13 14 19 14 9 8 9 4 9 14 19 24 24 24 19 24 19 19 14 14 13 12 13 18 18 18 17 22 17 17 18 23 22 17 17 22 23 18 18 23 24 23 24 19 14 9 14 13 13 18 18 19 14 9 8 9 8 13 8 9 14 9 8 8 7 12 13 13 14 13 8 13 8 13 12 13 14 13 13 8 3 3 2 3 3 8 13 13 13 14 13 8 13 14 14 13 8 8 13 8 7 12 7 6 11 16 21 21 20 23 24 19 18 18 18 19 24 24 23 23 22 17
;
10 15 20 23 23 18 18 17 12 11 11 6 5 6 1 6 1 2 7 2 3 4 9 9 8 7 12 17 18 18 19 14 19 18 19 14 13 12 11 6 6 7 2 7 8 13 8 13 12 13 13 8 7 8 13 8 9 9 9 4 4 4 3 4 3 4 3 4 4 3 3 2 2 2 3 2 7 2 2 7 8 8 13 14 13 8 8 8 9 9 8 13 8 8 13 12 7 6 7 8 8 9 8 13 14 19 24 23 22 17 18 23 22 17 22 22 22 23 22 17 17 16 15 15 15 16 21 16 16 21 20 19 14 19 19 24 23 18 23 22 17 17 16 15 10 10 5 6 1 0 1 0 5 0 5 10 10 11 6 6 7 2 2 1 2 7 7 6 7 2 2 1 1 6 6 6 7 8 13 8 13 18 17 16 16 16 16 11 10 5 10 15 15 10 11 16 11 11 16 21
;
13 8 9 4 3 2 2 1 1 6 6 1 6 5 10 5 6 6 11 16 11 16 15 16 21 21 22 17 12 7 8 8 7 6 7 7 7 6 1 6 6 5 10 10 10 11 12 7 8 9 4 9 14 13 12 12 7 7 7 12 7 2 7 2 3 8 9 9 4 4 3 8 3 4 3 2 2 1 6 6 6 11 16 16 11 6 7 8 13 14 19 18 18 23 18 18 18 23 18 23 24 24 19 18 17 17 17 18 19 14 13 13 12 7 12 11 16 16 21 20 23 23 23 18 18 13 12 13 8 8 9 14 13 18 17 17 16 16 17 18 13 13 8 13 14 13 8 9 8 13 18 13 18 19 14 9 8 9 9 14 19 14 14 14 9 4 3 8 8 3 8 9 14 19 14 9 4 3 4 3 2 1 2 3 3 3 4 3 4 9 14 9 9 4 9 14 13 12 7 2
;
14 19 14 14 9 9 4 3 3 3 4 4 3 4 9 4 9 4 9 9 14 14 19 24 19 24 19 14 9 9 4 9 14 13 14 19 24 19 19 18 18 19 24 23 18 18 18 23 18 23 23 23 18 23 22 17 12 11 12 12 13 18 13 13 14 19 24 24 23 23 24 19 19 24 19 14 9 14 19 18 19 24 23 23 18 18 23 24 19 14 19 14 9 14 9 8 7 7 6 5 5 10 5 6 6 6 7 8 7 7 8 9 14 9 4 9 8 7 7 12 11 16 16 11 10 5 0 0 5 10 11 16 16 17 22 17 12 11 11 6 7 8 9 4 3 3 2 1 1 1 6 1 2 3 2 3 3 4 3 2 7 12 17 22 23 23 22 17 18 17 22 21 20 19 24 19 18 13 8 9 14 9 9 9 4 3 4 9 14 19 18 19 18 13 12 11 6 6 1 2
;
23 23 22 17 16 16 11 11 16 17 12 11 11 12 11 6 6 6 1 1 0 1 1 2 1 6 6 1 0 0 5 10 10 10 11 12 12 17 17 17 22 23 18 17 17 12 17 18 13 8 9 4 4 3 8 7 7 12 12 13 8 13 12 12 12 17 22 17 17 17 22 17 17 17 18 23 18 19 14 13 14 14 19 14 19 19 14 14 9 14 14 9 4 3 4 3 2 1 6 6 11 6 6 6 5 0 5 10 10 11 6 7 8 3 3 4 9 8 13 13 14 19 24 19 24 19 24 23 18 13 13 18 17 22 17 18 23 22 17 17 18 13 14 14 14 9 4 3 2 7 12 11 11 12 7 7 8 9 4 3 2 3 4 9 4 9 14 13 8 9 9 4 4 9 8 8 7 6 5 10 15 10 11 12 12 7 8 7 7 6 6 7 2 3 8 9 4 4 3 3
;
22 21 22 23 22 23 24 23 24 24 19 18 19 14 9 4 9 8 8 7 2 2 3 4 9 4 9 14 9 8 9 8 3 4 4 3 2 2 7 12 13 12 13 14 19 18 19 18 17 18 13 13 12 12 12 13 13 12 11 6 11 12 11 10 15 10 10 15 15 16 16 11 10 11 12 17 18 13 14 13 12 12 17 16 11 16 11 16 16 15 10 11 12 7 8 3 3 4 3 8 8 8 3 3 2 1 6 5 5 6 6 11 6 1 6 5 0 0 5 10 15 16 15 16 16 15 16 16 17 22 17 17 12 11 16 11 12 17 18 18 18 13 8 8 9 14 14 19 14 9 9 14 19 18 17 18 13 13 18 19 18 18 19 18 18 17 17 22 21 16 16 16 21 21 16 21 22 17 17 17 18 17 22 22 23 23 24 24 24 23 18 18 23 22 17 16 16 17 16 16
;
11 16 21 16 15 16 11 12 17 17 22 21 20 19 14 14 19 24 24 19 24 19 14 19 18 19 14 9 9 14 19 19 24 24 23 18 17 16 15 20 23 24 24 23 23 18 23 24 19 19 18 19 14 9 4 9 9 8 9 9 14 14 19 24 23 24 23 18 13 18 17 17 17 16 17 17 18 13 18 18 19 24 19 14 19 18 19 14 14 13 14 19 18 13 14 14 14 14 13 13 8 8 9 9 8 7 2 1 6 5 0 1 2 7 2 3 4 4 9 8 7 2 2 7 12 13 13 8 8 8 8 3 8 13 14 9 8 3 2 7 8 8 13 14 19 18 18 23 22 22 23 22 21 21 22 17 22 21 20 19 14 13 18 18 18 17 22 21 16 16 17 22 22 22 17 12 12 12 7 8 9 4 3 8 3 8 3 8 3 8 9 8 9 8 8 7 2 7 2 2
;
6 5 6 1 1 0 0 5 6 6 7 6 6 6 7 7 6 6 11 16 16 16 15 20 19 14 13 14 19 14 19 19 14 9 4 3 3 3 2 2 2 3 3 8 8 13 8 8 3 8 9 14 13 12 17 18 19 19 14 13 13 12 17 16 17 22 21 20 23 23 23 23 23 24 23 18 18 17 12 11 16 21 16 11 10 5 5 6 5 10 10 5 5 0 1 6 6 11 16 16 15 16 15 10 11 10 11 6 7 2 2 7 8 9 9 8 7 12 17 22 17 22 21 22 22 17 17 22 21 16 16 16 17 22 17 18 23 24 19 24 19 19 18 13 8 7 7 7 8 8 3 4 4 3 4 3 2 7 8 13 13 18 18 23 24 24 24 19 14 13 8 8 9 9 14 9 4 3 2 2 7 12 12 7 12 12 12 11 16 16 11 16 15 15 10 11 12 12 11 11
;
13 8 8 7 6 5 6 6 11 11 12 7 7 6 5 10 11 11 12 12 12 11 10 10 10 15 10 10 11 6 5 0 1 1 0 0 5 10 15 10 11 6 11 11 10 5 6 11 16 15 10 5 10 5 5 6 11 10 5 6 7 12 13 8 9 4 4 9 8 8 7 7 8 7 7 7 12 13 14 9 8 13 12 13 14 14 13 12 12 11 12 11 11 10 10 5 10 11 10 10 10 15 16 15 15 15 10 10 5 0 1 1 1 6 5 6 7 12 13 12 17 12 13 18 18 23 23 24 19 14 13 12 13 13 12 13 13 12 13 8 9 14 14 19 24 23 18 19 18 13 14 9 9 14 13 13 12 17 16 15 15 20 20 19 14 14 9 4 3 3 4 3 4 4 3 4 9 8 9 8 8 3 2 1 2 1 0 1 0 1 1 6 7 6 1 2 7 2 3 8
;
17 16 11 11 6 6 5 6 6 5 6 6 7 12 13 14 13 13 14 13 14 9 4 3 3 2 1 1 6 11 11 10 11 12 13 8 13 12 7 12 11 6 6 5 0 1 6 5 10 5 10 10 5 0 5 0 1 0 5 0 5 10 5 10 5 0 1 6 1 6 5 10 15 10 11 11 12 7 2 2 1 2 7 8 3 8 8 13 18 19 18 19 14 9 9 4 9 9 14 9 4 9 4 4 3 3 4 9 4 9 9 4 3 3 2 1 0 0 1 0 5 10 5 5 10 15 15 20 20 20 19 19 19 24 19 18 13 14 9 4 9 4 3 3 2 7 7 2 2 3 8 13 13 18 17 22 21 20 23 22 17 16 15 16 16 16 11 6 6 11 10 15 10 10 10 11 10 15 20 19 24 23 24 19 19 24 24 19 18 19 14 14 19 18 18 18 23 22 21 21
;
