20 7 13 5 23 3 8 15 5 19 19 5 0 22 23 0 17 13 24 24 7 5 13 2 22 18 24 2 24 8 3 23 23 13 17 18 7 19 19 20 13 8 13 6 15 7 19 20 7 6 21 13 15 13 18 15 8 4 23 5 5 13 17 23 0 23 0 17 21 19 6 18 3 18 0 13 5 13 1 21 0 2 2 15 15 18 15 0 0 20 4 24 3 21 8 7 1 24 0 4 0 21 13 22 22 15 0 13 18 4 3 4 19 24 6 15 8 3 21 15 1 23 7 21 2 19 1 19 23 19 8 15 5 17 22 22 2 4 3 19 0 15 24 17 1 23 7 1 13 20 24 18 4 3 2 20 6 1 0 17 8 0 17 15 15 13 4 0 8 3 1 7 20 20 24 4 5 0 7 23 15 17 8 13 6 4 2 6 6 13 7 2 2 2 3 19 8 17 21 2
;
15 4 18 0 23 22 20 8 17 13 24 19 6 22 17 22 1 0 21 18 19 4 18 21 17 24 1 24 22 4 2 21 0 0 5 2 20 22 4 13 22 13 13 8 1 4 1 7 6 6 2 8 6 2 13 18 5 23 7 8 3 7 8 3 21 3 7 6 3 21 18 24 6 8 3 13 7 17 20 3 17 5 3 13 23 1 1 18 3 15 7 22 4 15 0 2 23 1 24 4 19 17 7 8 2 2 7 13 18 20 15 7 3 24 18 22 6 18 18 2 3 1 15 17 24 24 20 24 17 18 21 17 17 22 15 3 7 21 15 0 18 19 21 0 24 18 1 18 4 20 21 18 13 15 17 18 13 15 18 13 2 21 8 15 2 15 7 19 7 6 17 13 7 1 3 3 15 4 24 15 7 3 0 24 15 22 15 19 8 8 21 6 22 3 1 8 0 13 3 17
;
23 6 1 2 5 3 7 21 7 2 6 6 8 19 1 0 18 23 19 13 8 6 15 5 6 15 20 17 0 4 8 22 19 18 0 17 3 0 6 3 17 17 20 3 17 15 24 15 18 5 22 13 5 19 5 24 4 19 4 7 13 4 7 3 24 3 2 20 6 19 20 23 0 15 21 24 8 17 8 6 0 13 8 7 20 18 6 0 13 22 0 20 23 8 1 4 20 24 13 18 5 17 13 13 2 3 13 5 15 17 22 18 8 5 7 7 0 2 0 0 0 7 24 20 3 18 6 13 8 2 20 23 7 5 6 19 22 3 4 15 3 0 6 18 2 5 13 1 24 1 13 23 13 21 13 17 3 1 5 24 24 5 8 7 13 24 1 4 1 21 3 15 4 15 15 19 19 17 17 20 7 8 15 13 23 1 18 15 23 23 8 20 20 6 3 0 3 5 3 20
;
18 7 15 3 6 13 15 22 23 21 21 20 15 6 24 23 20 8 13 2 15 0 22 19 4 2 15 3 4 20 13 2 15 6 0 3 19 7 22 6 2 17 4 4 2 18 5 15 6 22 24 4 8 4 8 13 20 20 2 3 6 8 22 8 18 15 2 6 19 22 4 23 15 17 7 13 3 24 4 18 21 5 8 19 23 23 8 0 19 6 24 20 6 2 22 4 5 4 0 24 17 2 6 7 3 3 3 17 4 19 21 6 13 23 21 20 1 23 17 5 0 24 2 7 20 21 21 17 8 1 3 3 2 22 1 23 5 24 21 13 15 22 13 21 1 3 19 1 8 18 5 5 5 15 24 3 21 19 5 8 17 20 3 7 22 24 8 2 13 2 5 15 23 22 3 1 13 2 0 4 21 3 15 15 6 21 24 1 22 4 20 23 3 17 20 1 18 15 20 1
;
4 8 2 2 1 24 18 19 2 23 3 0 5 13 22 17 4 13 19 5 2 19 13 17 6 6 19 3 5 13 3 18 20 6 20 13 1 1 24 0 17 24 4 13 19 6 8 3 4 13 4 15 2 4 0 21 20 20 6 22 1 7 3 2 18 5 18 8 13 8 13 7 13 22 13 24 8 8 5 21 2 1 18 5 8 22 24 22 3 23 0 5 5 0 18 20 13 8 22 2 8 17 1 5 18 23 24 4 2 17 18 8 22 2 19 6 15 4 0 6 22 17 3 23 2 5 13 22 19 7 2 21 23 21 5 17 4 23 20 6 13 13 2 13 24 15 17 18 2 2 2 15 15 3 23 22 4 20 18 5 20 20 2 19 22 20 13 8 21 20 18 24 2 21 19 22 22 7 3 19 19 5 3 24 17 4 8 13 3 24 20 20 23 5 23 4 1 4 18 24
;
20 20 2 13 3 17 18 24 21 13 17 24 15 7 4 18 24 2 5 0 1 21 21 15 20 20 15 22 20 20 18 22 17 2 5 17 0 20 1 0 7 2 20 6 6 17 0 7 3 0 20 8 4 15 4 0 24 22 24 23 17 4 7 24 8 17 5 7 13 21 3 17 20 22 3 3 13 20 1 3 13 21 13 15 6 7 3 6 3 7 17 0 24 7 1 15 6 13 4 0 0 13 2 2 4 4 13 15 22 0 5 8 7 18 21 5 18 4 7 4 19 24 20 19 4 3 3 0 8 17 23 19 23 4 5 3 3 7 20 17 4 2 21 18 21 23 24 1 7 21 15 21 3 7 20 6 15 13 3 22 2 17 24 5 0 21 23 3 13 2 5 1 18 15 20 19 8 19 6 18 18 21 1 3 19 8 20 8 23 2 24 4 22 18 2 7 1 4 0 1
;
19 18 7 22 1 20 7 20 15 17 21 17 21 5 0 7 4 0 24 1 4 5 8 7 20 3 17 0 17 7 15 7 5 18 13 6 7 15 2 4 17 1 20 1 1 0 3 17 6 6 21 19 3 1 3 2 20 17 23 2 24 19 23 4 20 2 0 24 2 4 2 5 2 23 21 18 15 17 17 24 3 13 7 18 6 20 15 8 8 15 17 1 8 4 19 23 7 22 19 0 13 1 8 19 24 5 7 24 24 15 13 20 22 15 0 24 23 4 1 15 21 8 22 20 18 7 7 15 13 18 15 22 24 3 19 0 2 18 4 5 20 18 23 7 5 6 23 13 5 4 0 3 20 24 5 22 6 0 3 19 5 6 19 7 1 20 7 13 0 21 20 21 2 22 2 19 22 23 24 19 20 19 7 15 6 18 6 20 2 2 13 19 15 13 13 6 15 2 8 13
;
24 2 13 5 3 22 8 19 5 18 3 3 20 15 15 23 1 18 4 2 6 23 19 18 1 7 20 17 3 24 8 2 23 15 2 21 21 6 23 5 20 13 3 19 3 18 5 0 5 1 0 3 18 6 7 17 8 19 4 8 23 21 8 22 2 8 23 15 20 6 13 21 23 17 8 5 22 20 21 19 13 13 13 0 15 2 0 1 7 2 15 0 15 5 24 5 13 22 2 2 6 22 6 15 15 18 18 1 19 7 4 0 1 23 1 8 19 0 2 20 19 2 7 13 4 24 1 18 17 22 8 8 23 5 22 24 23 21 7 22 19 3 0 8 5 4 20 23 0 5 1 17 24 1 22 8 22 1 22 1 18 2 20 22 21 17 0 23 6 23 8 8 17 6 6 4 2 20 20 0 21 8 13 19 6 20 17 0 24 7 7 20 6 23 15 1 17 1 8 15
;
23 7 2 15 13 15 8 4 23 0 1 13 24 8 21 2 2 21 13 8 15 6 19 19 2 6 7 3 2 19 4 23 1 3 24 18 15 22 5 7 5 4 7 24 17 22 6 20 20 24 0 4 21 21 19 20 24 23 13 15 18 24 19 7 13 2 2 6 19 22 5 8 24 18 6 6 3 13 19 24 1 23 19 2 3 2 24 23 2 15 7 22 24 20 21 18 1 8 7 6 18 1 5 7 24 0 6 1 19 21 7 17 0 21 19 5 8 5 1 13 15 15 20 18 13 20 7 2 2 4 7 4 8 23 13 3 23 19 1 6 8 4 24 6 20 1 5 24 7 23 2 13 2 21 18 13 2 17 4 20 5 18 17 21 3 20 24 15 2 22 6 4 17 24 18 5 15 15 20 22 4 1 6 18 22 23 23 18 15 20 1 23 1 21 13 17 15 18 17 13
;
23 1 13 8 5 13 19 2 1 13 24 20 1 23 4 15 5 17 21 21 24 19 3 17 1 1 3 8 5 4 22 1 4 2 17 23 18 17 24 18 7 21 17 4 13 21 3 15 23 3 1 0 0 17 18 5 6 23 13 7 1 4 8 23 7 1 18 23 17 4 13 1 22 2 0 7 7 1 6 19 8 22 7 21 23 22 2 6 2 23 7 21 0 17 20 24 8 22 24 0 24 6 4 4 18 15 1 21 4 5 2 13 24 1 15 1 24 23 15 17 2 6 1 17 18 17 2 20 24 8 3 2 3 4 23 19 18 3 7 23 6 6 2 3 0 8 17 7 13 23 24 21 4 3 13 21 0 3 1 22 18 2 13 0 22 20 8 8 8 18 19 8 13 2 18 0 18 3 20 21 4 21 3 22 4 22 7 6 13 21 22 18 8 20 24 22 23 20 23 17
;
