23 22 18 18 0 8 24 20 22 21 7 3 6 23 6 19 17 18 21 1 7 8 22 7 24 7 21 24 17 13 24 24 15 22 18 19 23 3 23 22 0 3 6 24 4 18 0 7 21 6 15 22 19 6 21 23 20 2 18 19 2 6 20 20 5 20 21 1 17 6 8 17 2 4 5 4 6 18 15 15 20 22 2 7 4 8 21 20 17 19 23 4 22 19 21 18 18 21 18 4 3 0 15 20 13 21 7 19 21 4 2 18 20 15 5 21 6 1 22 21 1 0 3 0 18 22 4 0 3 17 18 17 20 3 15 19 23 15 20 4 20 0 2 6 18 13 13 0 18 21 4 7 4 6 6 4 6 3 24 5 7 15 1 2 0 24 20 15 19 1 19 7 2 24 21 5 4 8 8 3 23 8 17 4 23 13 2 23 5 24 15 18 15 6 1 18 13 4 6 1
;
13 17 21 3 20 18 13 7 6 23 0 17 1 19 18 18 18 21 2 0 7 2 3 24 0 1 8 2 21 5 17 17 5 1 8 22 5 4 22 1 6 3 7 21 22 19 0 23 20 24 20 1 8 15 22 6 18 0 7 5 24 19 3 6 5 19 7 3 3 4 8 19 2 24 18 2 19 5 1 24 17 6 21 24 13 4 22 17 13 19 18 3 8 8 18 18 19 22 13 24 24 2 3 0 13 0 15 17 20 19 19 1 13 7 20 18 24 15 0 4 2 24 21 13 2 22 13 13 2 3 2 1 17 20 22 0 24 20 13 22 23 20 21 2 18 17 5 6 8 3 21 22 2 7 18 4 1 7 20 7 3 7 19 21 0 17 0 2 19 2 6 24 4 8 22 22 5 23 7 19 1 0 23 22 5 0 2 20 22 22 5 4 0 5 24 13 7 15 0 8
;
5 3 3 15 19 23 19 19 1 15 18 24 3 1 20 6 24 2 15 21 20 6 8 13 4 7 23 6 5 20 24 20 1 21 23 5 1 8 18 5 13 5 4 21 3 22 8 24 18 4 22 22 2 7 4 0 21 7 1 0 8 19 20 18 24 1 4 6 21 24 6 24 19 18 18 1 2 24 19 13 15 1 15 20 4 24 13 15 5 5 2 0 21 0 17 7 21 21 1 24 15 19 5 0 8 7 22 18 8 4 4 21 17 23 19 4 4 21 1 18 2 4 3 1 13 0 17 2 20 13 20 20 0 19 1 19 15 4 24 24 6 17 23 8 22 7 23 0 18 18 6 2 24 23 0 3 7 8 4 4 8 23 7 17 6 20 17 1 17 8 24 17 15 18 22 23 7 0 3 3 13 7 13 1 18 24 17 24 0 5 15 21 7 24 2 7 5 17 21 21
;
20 4 13 7 18 6 18 2 3 2 19 5 2 15 20 7 23 7 7 6 8 5 20 4 21 23 19 6 0 3 5 20 5 1 7 18 23 15 4 24 0 4 18 6 8 18 20 20 23 3 7 21 1 18 21 24 20 23 21 7 19 23 5 0 5 23 5 5 5 24 1 1 13 13 21 3 8 8 7 4 0 4 20 22 4 15 8 7 2 15 20 23 23 22 17 19 23 7 23 2 7 23 22 2 4 2 7 13 7 19 21 13 8 20 4 24 8 8 17 13 6 2 22 13 19 20 0 19 6 2 8 22 17 0 21 13 17 21 20 21 19 17 24 23 8 8 8 4 3 20 21 2 17 18 7 23 13 21 1 7 13 21 15 21 19 4 24 3 18 15 23 22 15 18 19 3 0 23 19 17 17 17 19 4 1 7 23 23 19 18 0 1 0 7 24 18 0 3 20 0
;
4 23 20 21 21 17 0 5 4 13 3 2 4 3 4 17 2 5 7 21 15 17 15 20 21 22 8 6 23 3 4 15 8 24 17 5 7 4 24 17 4 1 20 2 17 21 20 4 2 21 3 0 19 2 17 5 15 7 18 3 23 7 1 22 4 18 18 24 22 19 6 24 7 22 8 0 23 7 22 17 2 17 6 18 17 23 24 0 17 7 15 13 6 13 3 3 18 17 21 23 17 6 19 20 24 2 21 2 13 3 18 3 0 18 21 8 7 7 4 24 1 22 15 22 1 5 3 22 7 20 20 20 2 0 22 18 5 21 17 21 0 6 19 13 23 19 2 17 19 24 20 17 17 21 5 5 1 24 7 23 6 2 17 3 15 23 0 4 24 15 0 6 20 7 23 13 2 22 4 3 7 19 18 2 17 17 2 7 0 15 1 18 3 13 0 23 8 17 3 0
;
24 5 4 22 18 3 8 0 3 17 15 2 24 20 8 17 17 21 5 22 8 4 2 22 23 22 21 20 4 19 2 1 0 7 5 23 21 2 8 21 3 24 18 0 17 23 20 2 15 20 4 23 24 23 19 5 19 23 0 18 6 0 18 6 22 18 3 4 0 21 21 15 0 23 1 3 24 18 24 24 13 19 6 13 3 8 5 17 24 21 5 17 2 21 1 0 23 19 0 20 21 6 18 21 15 6 23 8 17 13 1 6 20 2 5 21 24 18 17 19 5 24 23 5 1 24 24 3 18 0 1 4 6 3 21 24 7 1 4 18 24 4 15 23 23 17 17 2 21 19 5 2 5 5 0 1 18 8 13 18 7 5 13 15 15 7 0 19 19 17 4 20 13 5 18 5 1 20 6 24 2 18 22 1 1 18 7 21 17 2 24 8 6 21 7 18 18 15 1 19
;
19 7 22 3 20 7 3 24 17 1 8 21 19 8 3 17 5 15 2 13 8 5 3 5 15 21 5 23 23 3 21 0 3 8 8 18 23 4 5 18 4 8 15 15 15 19 13 5 13 13 22 17 19 4 24 6 13 15 19 0 18 1 19 23 24 19 6 4 18 2 0 22 13 20 21 7 6 4 4 4 8 4 3 8 7 8 15 1 0 13 20 2 18 19 7 24 0 4 3 19 3 4 19 21 1 3 3 4 22 24 19 15 21 8 1 3 0 8 3 4 1 15 13 24 3 4 2 0 0 1 24 17 20 21 17 17 6 4 7 0 23 23 13 23 18 2 21 8 19 4 23 7 20 15 6 20 3 0 15 21 0 23 3 18 8 7 5 22 17 17 2 17 19 15 8 5 2 5 13 20 13 15 13 22 4 0 3 23 15 6 0 0 24 24 2 1 8 24 19 21
;
13 24 19 6 24 2 6 15 21 20 23 4 7 18 6 2 4 20 6 24 2 22 21 24 20 13 13 19 13 3 5 6 2 7 1 17 20 24 6 7 18 21 18 7 3 1 20 17 13 24 17 7 15 0 15 2 2 2 4 0 0 20 3 24 7 15 6 6 20 20 20 4 17 18 15 20 21 21 21 21 24 3 13 22 6 5 24 15 22 0 21 21 15 20 21 1 20 21 24 8 15 23 1 0 5 15 23 7 13 6 13 7 13 22 17 1 19 7 0 19 7 22 18 24 3 8 4 3 7 6 7 2 13 19 4 21 17 19 24 3 21 5 13 24 24 6 7 6 8 8 23 13 8 18 18 2 19 2 19 17 18 24 21 13 19 1 20 8 21 3 7 19 22 20 6 5 19 20 20 15 7 20 1 8 3 8 1 8 4 13 3 4 8 0 4 3 3 19 3 19
;
3 17 13 23 21 0 22 24 1 6 21 2 3 7 4 1 23 20 24 24 21 5 17 0 18 6 15 6 3 19 21 0 4 17 17 3 2 18 22 8 23 17 7 19 17 19 22 5 5 19 3 18 2 15 17 3 3 23 20 22 22 23 20 2 20 8 4 24 1 1 5 6 18 22 6 24 1 24 13 7 20 21 0 23 22 21 21 24 24 23 5 20 15 21 22 6 3 6 7 19 15 13 19 13 15 19 23 22 22 20 20 1 22 8 17 24 20 5 24 24 8 20 17 13 2 24 18 19 23 19 7 5 8 23 7 6 13 3 3 1 22 13 6 23 19 6 2 17 8 6 17 5 21 2 21 2 21 21 2 6 20 22 24 18 7 8 21 23 0 3 19 19 21 15 19 23 22 22 0 21 6 19 23 3 21 2 15 4 5 17 3 7 5 13 24 6 20 5 0 22
;
15 2 2 21 1 3 6 0 15 18 21 3 8 2 3 21 19 22 6 0 6 2 13 4 15 21 15 5 18 3 4 8 6 19 17 5 13 0 17 4 0 20 5 0 13 6 4 2 2 7 15 21 6 4 3 2 5 5 18 4 24 20 17 6 7 0 7 24 0 18 5 1 5 6 4 13 1 3 6 24 4 23 6 3 18 20 15 4 4 2 0 2 5 20 4 6 15 1 7 0 21 17 22 8 19 5 22 7 15 8 7 7 15 21 2 13 20 13 20 13 18 5 8 22 23 8 3 8 19 8 3 1 2 19 6 0 20 2 13 13 2 24 5 8 21 15 18 24 2 21 0 18 18 22 13 2 18 5 2 20 21 18 0 18 2 22 0 23 13 20 8 21 13 3 22 2 7 5 18 22 8 2 21 24 19 20 0 24 20 17 18 23 13 8 21 19 0 13 21 22
;
