23 22 16 16 0 11 24 18 22 21 10 3 9 23 9 17 15 16 21 1 10 11 22 10 24 10 21 24 15 13 24 24 14 22 16 17 23 3 23 22 0 3 9 24 5 16 0 10 21 9 14 22 17 9 21 23 18 2 16 17 2 9 18 18 8 18 21 1 15 9 11 15 2 5 8 5 9 16 14 14 18 22 2 10 5 11 21 18 15 17 23 5 22 17 21 16 16 21 16 5 3 0 14 18 13 21 10 17 21 5 2 16 18 14 8 21 9 1 22 21 1 0 3 0 16 22 5 0 3 15 16 15 18 3 14 17 23 14 18 5 18 0 2 9 16 13 13 0 16 21 5 10 5 9 9 5 9 3 24 8 10 14 1 2 0 24 18 14 17 1 17 10 2 24 21 8 5 11 11 3 23 11 15 5 23 13 2 23 8 24 14 16 14 9 1 16 13 5 9 1
;
13 15 21 3 18 16 13 10 9 23 0 15 1 17 16 16 16 21 2 0 10 2 3 24 0 1 11 2 21 8 15 15 8 1 11 22 8 5 22 1 9 3 10 21 22 17 0 23 18 24 18 1 11 14 22 9 16 0 10 8 24 17 3 9 8 17 10 3 3 5 11 17 2 24 16 2 17 8 1 24 15 9 21 24 13 5 22 15 13 17 16 3 11 11 16 16 17 22 13 24 24 2 3 0 13 0 14 15 18 17 17 1 13 10 18 16 24 14 0 5 2 24 21 13 2 22 13 13 2 3 2 1 15 18 22 0 24 18 13 22 23 18 21 2 16 15 8 9 11 3 21 22 2 10 16 5 1 10 18 10 3 10 17 21 0 15 0 2 17 2 9 24 5 11 22 22 8 23 10 17 1 0 23 22 8 0 2 18 22 22 8 5 0 8 24 13 10 14 0 11
;
8 3 3 14 17 23 17 17 1 14 16 24 3 1 18 9 24 2 14 21 18 9 11 13 5 10 23 9 8 18 24 18 1 21 23 8 1 11 16 8 13 8 5 21 3 22 11 24 16 5 22 22 2 10 5 0 21 10 1 0 11 17 18 16 24 1 5 9 21 24 9 24 17 16 16 1 2 24 17 13 14 1 14 18 5 24 13 14 8 8 2 0 21 0 15 10 21 21 1 24 14 17 8 0 11 10 22 16 11 5 5 21 15 23 17 5 5 21 1 16 2 5 3 1 13 0 15 2 18 13 18 18 0 17 1 17 14 5 24 24 9 15 23 11 22 10 23 0 16 16 9 2 24 23 0 3 10 11 5 5 11 23 10 15 9 18 15 1 15 11 24 15 14 16 22 23 10 0 3 3 13 10 13 1 16 24 15 24 0 8 14 21 10 24 2 10 8 15 21 21
;
18 5 13 10 16 9 16 2 3 2 17 8 2 14 18 10 23 10 10 9 11 8 18 5 21 23 17 9 0 3 8 18 8 1 10 16 23 14 5 24 0 5 16 9 11 16 18 18 23 3 10 21 1 16 21 24 18 23 21 10 17 23 8 0 8 23 8 8 8 24 1 1 13 13 21 3 11 11 10 5 0 5 18 22 5 14 11 10 2 14 18 23 23 22 15 17 23 10 23 2 10 23 22 2 5 2 10 13 10 17 21 13 11 18 5 24 11 11 15 13 9 2 22 13 17 18 0 17 9 2 11 22 15 0 21 13 15 21 18 21 17 15 24 23 11 11 11 5 3 18 21 2 15 16 10 23 13 21 1 10 13 21 14 21 17 5 24 3 16 14 23 22 14 16 17 3 0 23 17 15 15 15 17 5 1 10 23 23 17 16 0 1 0 10 24 16 0 3 18 0
;
5 23 18 21 21 15 0 8 5 13 3 2 5 3 5 15 2 8 10 21 14 15 14 18 21 22 11 9 23 3 5 14 11 24 15 8 10 5 24 15 5 1 18 2 15 21 18 5 2 21 3 0 17 2 15 8 14 10 16 3 23 10 1 22 5 16 16 24 22 17 9 24 10 22 11 0 23 10 22 15 2 15 9 16 15 23 24 0 15 10 14 13 9 13 3 3 16 15 21 23 15 9 17 18 24 2 21 2 13 3 16 3 0 16 21 11 10 10 5 24 1 22 14 22 1 8 3 22 10 18 18 18 2 0 22 16 8 21 15 21 0 9 17 13 23 17 2 15 17 24 18 15 15 21 8 8 1 24 10 23 9 2 15 3 14 23 0 5 24 14 0 9 18 10 23 13 2 22 5 3 10 17 16 2 15 15 2 10 0 14 1 16 3 13 0 23 11 15 3 0
;
24 8 5 22 16 3 11 0 3 15 14 2 24 18 11 15 15 21 8 22 11 5 2 22 23 22 21 18 5 17 2 1 0 10 8 23 21 2 11 21 3 24 16 0 15 23 18 2 14 18 5 23 24 23 17 8 17 23 0 16 9 0 16 9 22 16 3 5 0 21 21 14 0 23 1 3 24 16 24 24 13 17 9 13 3 11 8 15 24 21 8 15 2 21 1 0 23 17 0 18 21 9 16 21 14 9 23 11 15 13 1 9 18 2 8 21 24 16 15 17 8 24 23 8 1 24 24 3 16 0 1 5 9 3 21 24 10 1 5 16 24 5 14 23 23 15 15 2 21 17 8 2 8 8 0 1 16 11 13 16 10 8 13 14 14 10 0 17 17 15 5 18 13 8 16 8 1 18 9 24 2 16 22 1 1 16 10 21 15 2 24 11 9 21 10 16 16 14 1 17
;
17 10 22 3 18 10 3 24 15 1 11 21 17 11 3 15 8 14 2 13 11 8 3 8 14 21 8 23 23 3 21 0 3 11 11 16 23 5 8 16 5 11 14 14 14 17 13 8 13 13 22 15 17 5 24 9 13 14 17 0 16 1 17 23 24 17 9 5 16 2 0 22 13 18 21 10 9 5 5 5 11 5 3 11 10 11 14 1 0 13 18 2 16 17 10 24 0 5 3 17 3 5 17 21 1 3 3 5 22 24 17 14 21 11 1 3 0 11 3 5 1 14 13 24 3 5 2 0 0 1 24 15 18 21 15 15 9 5 10 0 23 23 13 23 16 2 21 11 17 5 23 10 18 14 9 18 3 0 14 21 0 23 3 16 11 10 8 22 15 15 2 15 17 14 11 8 2 8 13 18 13 14 13 22 5 0 3 23 14 9 0 0 24 24 2 1 11 24 17 21
;
13 24 17 9 24 2 9 14 21 18 23 5 10 16 9 2 5 18 9 24 2 22 21 24 18 13 13 17 13 3 8 9 2 10 1 15 18 24 9 10 16 21 16 10 3 1 18 15 13 24 15 10 14 0 14 2 2 2 5 0 0 18 3 24 10 14 9 9 18 18 18 5 15 16 14 18 21 21 21 21 24 3 13 22 9 8 24 14 22 0 21 21 14 18 21 1 18 21 24 11 14 23 1 0 8 14 23 10 13 9 13 10 13 22 15 1 17 10 0 17 10 22 16 24 3 11 5 3 10 9 10 2 13 17 5 21 15 17 24 3 21 8 13 24 24 9 10 9 11 11 23 13 11 16 16 2 17 2 17 15 16 24 21 13 17 1 18 11 21 3 10 17 22 18 9 8 17 18 18 14 10 18 1 11 3 11 1 11 5 13 3 5 11 0 5 3 3 17 3 17
;
3 15 13 23 21 0 22 24 1 9 21 2 3 10 5 1 23 18 24 24 21 8 15 0 16 9 14 9 3 17 21 0 5 15 15 3 2 16 22 11 23 15 10 17 15 17 22 8 8 17 3 16 2 14 15 3 3 23 18 22 22 23 18 2 18 11 5 24 1 1 8 9 16 22 9 24 1 24 13 10 18 21 0 23 22 21 21 24 24 23 8 18 14 21 22 9 3 9 10 17 14 13 17 13 14 17 23 22 22 18 18 1 22 11 15 24 18 8 24 24 11 18 15 13 2 24 16 17 23 17 10 8 11 23 10 9 13 3 3 1 22 13 9 23 17 9 2 15 11 9 15 8 21 2 21 2 21 21 2 9 18 22 24 16 10 11 21 23 0 3 17 17 21 14 17 23 22 22 0 21 9 17 23 3 21 2 14 5 8 15 3 10 8 13 24 9 18 8 0 22
;
14 2 2 21 1 3 9 0 14 16 21 3 11 2 3 21 17 22 9 0 9 2 13 5 14 21 14 8 16 3 5 11 9 17 15 8 13 0 15 5 0 18 8 0 13 9 5 2 2 10 14 21 9 5 3 2 8 8 16 5 24 18 15 9 10 0 10 24 0 16 8 1 8 9 5 13 1 3 9 24 5 23 9 3 16 18 14 5 5 2 0 2 8 18 5 9 14 1 10 0 21 15 22 11 17 8 22 10 14 11 10 10 14 21 2 13 18 13 18 13 16 8 11 22 23 11 3 11 17 11 3 1 2 17 9 0 18 2 13 13 2 24 8 11 21 14 16 24 2 21 0 16 16 22 13 2 16 8 2 18 21 16 0 16 2 22 0 23 13 18 11 21 13 3 22 2 10 8 16 22 11 2 21 24 17 18 0 24 18 15 16 23 13 11 21 17 0 13 21 22
;
