21 10 9 1 17 10 22 21 9 5 24 17 10 3 24 17 21 10 13 16 11 23 22 23 24 1 2 5 0 9 3 14 21 24 8 17 11 17 17 0 1 3 5 0 21 13 9 5 9 18 23 1 5 18 24 8 2 10 13 3 1 3 21 21 17 9 23 15 8 0 14 11 2 10 16 10 3 5 8 23 2 11 18 2 18 14 23 21 8 17 22 21 21 23 3 18 13 16 0 23 18 3 18 14 5 0 21 3 21 8 16 17 11 17 13 18 24 13 9 1 8 3 0 1 21 18 9 17 17 0 21 22 22 9 1 1 5 5 8 14 15 10 24 21 16 10 2 23 1 11 11 21 18 17 5 9 5 21 21 23 10 23 16 10 16 9 16 24 22 18 0 16 5 13 13 3 10 8 1 3 11 8 18 13 18 17 24 11 24 9 15 14 3 21 17 15 18 16 10 16
;
11 9 0 16 0 14 17 24 15 24 1 15 9 0 3 14 1 21 5 3 1 15 16 11 17 8 3 3 8 13 15 5 15 24 22 13 3 17 17 22 14 22 1 22 23 0 0 13 13 9 3 10 5 21 11 13 8 24 16 1 0 24 1 15 10 16 24 10 18 15 24 0 14 10 23 9 1 1 0 22 18 11 2 5 8 18 2 22 9 21 9 22 17 24 17 24 8 5 3 5 23 18 3 24 11 3 23 16 2 16 24 0 9 2 10 10 8 2 2 13 2 3 23 14 13 10 5 3 11 18 5 3 0 15 3 8 24 18 18 9 11 10 21 15 22 21 8 15 15 24 1 2 15 8 9 16 14 21 22 5 21 17 17 0 9 14 17 0 11 21 24 21 15 8 15 23 24 16 2 8 0 16 16 16 5 10 21 11 15 11 5 16 21 15 11 5 8 18 24 23
;
13 10 1 21 13 8 8 8 14 5 23 0 8 5 22 23 17 3 24 1 0 18 18 24 15 18 10 3 1 21 2 8 5 13 14 16 22 5 17 1 21 0 24 8 15 24 16 24 18 22 22 18 17 13 23 15 18 18 21 22 5 21 23 1 2 10 18 22 17 9 24 13 5 16 8 22 0 9 21 10 2 0 2 24 14 16 24 22 8 0 1 13 10 2 14 10 0 2 1 5 16 9 13 18 22 10 2 17 16 13 24 0 8 18 9 17 8 9 14 24 22 13 21 8 2 8 16 21 5 18 24 24 16 1 0 8 1 16 21 8 23 24 10 1 14 9 23 21 8 10 15 1 5 23 8 5 9 3 2 5 3 13 21 22 5 18 9 13 18 17 14 16 22 3 9 16 5 22 22 14 18 17 18 24 16 24 18 11 15 23 22 11 15 10 13 15 17 10 3 17
;
15 9 18 17 10 21 17 3 9 9 16 23 22 10 10 9 22 17 8 23 24 15 2 0 17 2 11 16 24 21 15 11 10 16 3 3 24 11 21 14 23 16 0 22 15 21 10 0 15 13 18 17 0 8 15 21 17 17 2 2 14 14 22 24 16 13 23 14 1 22 23 8 3 2 5 0 17 15 18 0 14 23 5 24 24 21 13 15 16 13 21 23 11 17 11 3 21 8 2 17 8 16 8 11 18 24 17 3 21 9 8 21 13 22 21 0 14 11 24 8 2 21 18 15 10 2 3 2 3 11 13 18 10 16 9 9 15 10 8 14 24 17 11 1 17 14 18 14 24 0 10 0 11 5 2 10 0 1 18 2 18 13 22 22 0 18 8 21 17 11 0 3 14 15 0 5 18 22 14 23 11 23 18 14 17 13 11 22 13 23 8 0 10 11 14 17 1 3 3 17
;
11 0 24 24 18 8 16 5 21 5 14 15 15 2 14 21 14 3 2 10 24 23 10 16 1 24 18 18 15 24 2 2 2 22 13 21 11 18 8 11 2 11 13 9 21 15 23 1 23 0 15 24 23 16 13 21 24 16 15 17 5 24 11 16 0 3 14 24 13 0 2 0 18 1 21 2 0 21 17 16 11 16 15 2 2 17 8 15 22 21 16 24 15 18 3 15 21 14 9 22 0 14 13 14 15 14 3 21 9 14 17 13 5 1 3 2 5 1 13 18 10 23 13 11 8 22 2 5 17 22 10 9 3 24 18 22 17 17 17 23 23 3 0 3 14 8 13 8 14 23 0 5 1 1 5 1 23 16 0 0 24 8 9 5 21 16 2 10 13 16 16 10 22 10 22 18 21 22 14 24 2 10 3 13 15 21 13 13 1 8 9 18 14 5 23 0 21 16 9 15
;
2 5 24 10 8 15 10 23 9 18 23 0 16 11 11 2 23 10 1 22 16 3 10 2 5 21 24 22 8 13 0 18 11 8 17 16 15 23 9 10 16 2 5 14 3 3 9 10 23 14 1 11 5 16 18 21 13 23 17 21 21 3 1 23 5 16 17 22 11 22 21 13 21 14 2 21 13 21 3 5 2 2 24 14 16 15 11 24 3 0 10 10 5 18 22 22 9 5 18 13 17 17 1 11 17 14 8 22 2 14 14 0 11 15 9 14 24 2 22 14 22 23 14 9 17 0 3 23 3 18 13 8 23 23 23 21 3 14 8 1 13 2 10 13 1 16 18 18 3 24 22 11 24 15 23 8 9 14 15 18 3 1 16 1 14 5 11 21 14 22 24 15 15 10 15 1 16 1 14 22 5 24 10 13 13 11 11 24 22 11 14 14 23 15 11 18 17 22 2 23
;
23 10 18 23 0 0 1 3 22 2 3 1 5 13 21 16 17 24 17 10 15 14 23 3 14 3 23 3 21 23 14 0 10 9 15 2 22 10 17 23 23 2 17 2 15 18 23 2 3 14 0 5 11 18 21 22 10 3 22 23 1 11 1 18 24 5 1 3 3 22 0 14 9 24 5 11 11 23 21 3 23 3 13 2 2 9 5 2 3 23 1 18 2 15 0 15 14 23 23 3 0 3 10 23 5 24 9 14 10 1 16 3 16 2 22 16 0 1 1 5 0 10 21 9 0 21 15 16 24 23 15 24 17 3 2 1 5 9 22 2 0 10 1 22 14 9 11 2 5 17 5 5 0 18 8 10 13 17 10 11 23 21 14 14 17 14 23 15 16 14 22 11 2 18 15 17 1 18 1 24 0 22 10 10 9 10 17 24 9 2 3 17 13 22 15 9 21 18 23 8
;
15 1 16 3 15 15 2 1 10 17 22 10 13 10 22 2 11 1 23 2 2 8 9 8 23 15 0 17 15 2 9 10 21 24 16 24 13 10 24 3 5 15 13 2 5 1 5 3 18 2 2 9 21 17 9 10 13 14 16 17 8 24 18 8 1 0 23 11 17 1 23 8 18 2 11 1 13 16 3 24 9 3 9 8 17 23 22 5 5 24 24 15 2 13 2 22 15 17 11 5 2 9 16 23 15 18 18 23 8 11 0 21 13 9 23 11 10 8 5 17 9 0 3 23 15 11 13 11 0 11 9 13 21 17 22 10 8 14 24 9 8 9 18 24 14 2 23 13 9 8 22 13 16 0 5 17 11 11 24 13 2 21 22 16 17 17 11 8 9 17 24 11 11 15 15 2 14 8 15 15 24 0 24 24 0 15 23 14 17 2 10 9 18 24 18 16 23 15 23 9
;
17 13 23 24 13 22 8 22 14 9 16 1 11 16 1 21 21 9 14 24 9 18 1 23 23 10 18 3 22 2 17 24 17 14 9 13 22 3 13 24 21 11 16 11 22 23 21 10 15 23 15 0 10 17 16 23 11 8 18 18 16 8 2 22 13 18 17 11 23 18 8 13 15 10 9 0 21 16 1 21 13 23 1 16 11 3 24 14 23 5 10 0 15 16 13 10 5 16 11 17 2 18 5 16 23 11 23 8 11 21 8 18 15 15 13 10 8 21 13 24 3 0 16 8 5 2 11 10 11 18 10 14 3 11 2 5 24 0 22 9 10 2 15 9 23 5 24 22 8 1 15 16 13 1 3 10 21 1 22 5 10 17 16 23 13 14 16 24 18 14 13 2 1 15 9 10 2 22 16 8 14 15 17 11 14 13 16 17 10 18 13 1 11 1 11 10 17 5 13 22
;
17 10 18 5 5 24 15 23 22 9 23 1 17 10 8 24 24 14 17 17 23 1 3 10 2 2 9 17 23 0 11 14 21 2 14 9 0 2 17 14 2 11 8 8 13 21 15 1 2 14 2 22 3 15 24 1 22 14 16 5 11 18 17 22 11 13 0 16 3 24 9 14 10 0 24 11 21 3 14 21 13 14 13 15 10 14 16 11 1 8 13 2 11 10 17 14 13 1 21 15 11 16 0 16 2 5 2 18 5 22 18 23 14 1 15 18 3 3 2 15 10 13 1 18 23 2 3 16 2 11 2 21 3 17 5 11 9 3 22 11 0 15 1 17 16 11 18 21 17 13 23 5 0 11 9 23 1 23 2 1 13 10 9 10 0 18 17 11 24 17 22 5 13 9 21 5 23 9 22 22 16 10 2 8 17 3 21 13 0 1 16 22 16 2 14 14 2 11 9 8
;
