3 1 19 8 8 22 21 24 24 17 20 2 18 19 18 18 18 1 5 24 7 4 1 22 20 24 24 0 7 0 20 19 1 6 13 2 20 18 22 8 3 19 19 4 23 18 8 18 22 21 21 23 18 2 4 7 1 6 8 0 6 17 6 8 8 18 22 5 15 20 7 18 13 22 23 8 6 18 22 3 1 13 23 17 15 24 5 23 1 7 1 0 17 4 23 17 24 13 24 19 2 4 0 7 17 20 7 2 19 5 24 21 15 1 8 23 15 22 15 4 5 19 15 18 5 8 24 20 15 19 1 22 22 21 1 22 3 15 22 5 13 21 8 2 2 1 18 23 4 8 4 22 5 22 19 23 7 1 21 17 23 15 8 6 20 8 20 18 1 7 5 21 19 1 23 21 13 19 15 8 21 6 20 7 24 23 13 1 18 23 3 1 0 19 13 20 17 15 0 20
;
24 6 21 5 22 15 20 20 0 15 0 23 7 4 23 18 6 24 21 22 20 3 8 24 15 7 1 4 0 23 7 20 18 17 2 5 20 21 21 0 0 3 21 13 3 19 3 19 5 24 6 18 3 2 20 17 1 24 18 7 13 18 21 3 8 8 19 5 21 23 18 24 23 3 4 15 24 24 22 5 23 3 7 8 24 3 19 0 23 22 20 2 1 2 24 13 15 3 20 7 17 15 5 20 23 13 19 20 8 1 5 18 6 6 18 8 7 8 15 20 22 18 5 18 21 7 17 24 6 8 2 22 17 18 15 24 3 3 23 15 8 19 1 13 18 20 15 1 4 15 0 13 24 24 8 3 2 19 5 20 6 0 1 7 15 18 18 20 6 20 15 17 22 7 4 6 13 7 1 6 3 23 4 2 8 7 19 18 8 18 7 5 3 2 7 6 23 0 23 2
;
8 5 13 2 1 4 19 8 5 15 13 20 24 17 18 21 6 7 23 15 18 18 3 8 22 13 18 23 22 0 4 24 19 15 15 7 19 1 2 1 0 13 22 6 0 13 15 17 17 24 1 13 23 6 21 15 24 24 19 24 18 19 3 15 22 24 2 6 3 3 20 4 5 21 18 22 19 1 22 7 13 2 24 17 22 19 19 8 4 7 20 2 7 6 6 20 7 5 21 15 17 8 22 6 1 3 23 20 21 21 5 24 20 8 13 15 1 17 3 24 24 1 13 23 7 23 4 19 2 20 24 23 2 22 3 13 17 13 7 20 7 0 13 20 1 8 17 19 7 4 23 21 24 18 17 15 6 22 5 23 21 13 17 22 15 20 24 13 24 5 0 19 15 4 17 5 15 8 20 1 24 22 19 6 2 18 3 0 20 21 0 1 1 1 3 18 15 8 18 8
;
0 18 7 4 3 8 22 13 0 1 7 8 22 5 21 7 0 6 2 1 24 7 19 24 6 7 7 18 24 24 7 4 23 7 7 1 4 22 5 3 20 22 6 4 8 19 22 24 8 18 21 24 20 23 7 17 8 0 7 7 4 3 23 19 23 23 3 22 2 24 23 20 17 15 3 18 22 4 6 22 6 19 2 15 7 17 13 20 21 24 21 0 18 7 22 24 7 19 17 5 21 15 1 5 22 4 3 8 2 18 19 7 2 22 6 5 5 0 3 21 5 0 4 1 18 8 19 17 19 5 23 17 19 4 15 19 1 17 3 4 24 4 13 15 1 7 7 22 17 2 4 2 20 3 22 13 23 3 4 21 17 8 22 13 13 5 4 6 3 18 24 18 6 15 0 20 15 4 3 4 5 8 3 13 23 21 24 2 4 2 7 20 18 6 18 22 8 7 6 4
;
4 5 6 0 21 8 4 5 3 1 22 18 24 23 20 22 5 15 1 18 5 22 17 18 7 8 8 15 22 20 24 23 19 17 22 2 3 3 20 24 7 22 6 15 4 15 21 8 0 3 17 3 7 24 3 3 4 17 13 22 3 23 17 3 22 24 7 24 6 20 4 21 0 24 20 0 7 4 4 19 18 17 7 23 23 17 4 20 5 22 20 6 18 1 7 2 7 22 20 2 8 18 22 15 20 7 21 20 7 21 0 18 13 18 0 8 4 0 13 20 18 17 1 0 21 18 5 8 8 21 24 20 18 3 2 1 15 0 18 17 1 7 8 24 2 7 6 17 6 21 0 20 21 21 23 17 24 3 0 20 17 23 1 21 22 17 6 24 23 18 5 20 19 4 21 6 4 3 19 3 8 1 2 21 24 21 1 24 21 6 19 2 17 19 15 24 13 3 23 15
;
24 22 18 2 3 6 8 6 1 19 21 8 6 0 22 1 18 3 18 13 7 13 0 5 13 23 23 8 5 24 18 7 21 5 23 23 6 19 17 24 19 7 21 17 7 18 8 21 24 18 0 6 13 15 6 13 2 20 5 21 17 19 23 3 6 23 3 19 13 0 24 22 2 20 6 1 21 8 0 4 19 23 3 22 2 21 17 0 6 3 13 3 2 23 8 19 21 21 17 0 20 6 18 18 8 8 3 23 24 2 4 0 21 15 3 24 0 15 7 13 23 19 22 3 19 20 0 7 4 7 23 0 8 6 22 7 24 0 18 22 3 8 24 8 0 20 7 21 21 3 20 3 5 3 1 22 22 5 20 17 8 15 24 18 19 2 4 4 3 23 8 21 24 15 7 21 7 6 24 21 17 19 0 2 19 23 8 15 1 7 0 1 3 7 17 15 19 1 4 0
;
17 20 21 22 8 24 20 22 20 6 5 1 4 18 13 21 18 4 4 1 3 13 3 21 22 0 21 4 13 1 7 3 7 17 18 2 1 13 3 8 18 24 13 19 22 24 3 20 24 23 6 22 17 3 5 22 4 24 13 22 21 24 2 5 0 23 18 7 3 22 8 0 6 19 13 4 24 22 13 22 24 8 18 18 6 6 4 18 4 13 22 20 24 15 20 6 6 6 15 18 20 19 4 8 2 19 3 2 2 13 4 7 20 22 7 20 8 23 3 22 15 8 23 8 19 17 22 15 6 15 2 13 15 17 21 1 5 8 7 23 21 6 13 21 19 13 21 15 1 19 20 17 20 22 22 15 6 15 19 13 13 15 17 15 7 6 21 6 19 4 8 0 8 21 4 21 4 24 2 13 17 1 23 7 17 24 22 17 4 7 21 18 22 21 6 5 19 23 18 19
;
3 17 24 0 8 4 3 21 15 20 15 3 15 2 13 17 18 13 13 6 8 17 6 4 19 4 7 2 4 15 4 23 7 4 22 8 13 4 20 1 0 22 17 0 15 4 2 1 7 5 3 22 17 21 0 19 7 13 5 17 18 21 22 4 23 21 22 8 18 23 20 0 2 0 8 19 19 24 22 3 22 6 24 22 5 8 18 17 22 2 5 6 8 1 5 7 8 5 24 13 2 21 21 20 8 5 18 0 1 24 20 20 5 15 13 21 24 8 22 8 8 19 0 2 1 21 4 17 15 21 24 23 6 1 15 21 24 13 2 20 7 18 17 18 0 18 4 2 19 2 23 1 20 17 8 6 0 19 2 4 18 2 20 8 2 3 8 2 2 15 20 19 18 21 8 13 21 15 20 5 18 1 23 1 13 6 23 18 18 23 24 15 1 13 22 4 20 2 24 20
;
20 23 3 18 6 19 21 15 20 22 22 1 17 13 22 6 15 15 13 17 21 4 7 7 2 0 17 19 13 20 21 13 24 13 5 19 19 23 0 21 13 21 24 3 22 6 18 0 21 7 8 8 7 20 13 22 22 6 7 17 21 24 24 4 17 17 2 7 17 0 18 0 2 4 6 0 3 23 19 24 0 20 2 4 15 17 4 0 17 24 1 8 20 22 23 24 17 7 20 3 24 3 23 8 8 6 0 3 23 21 24 13 17 1 24 3 0 8 18 4 17 17 1 19 3 2 22 24 7 22 4 17 0 18 4 24 1 6 15 8 15 4 18 2 18 20 8 20 17 17 15 0 6 23 4 23 18 8 15 1 5 24 19 18 2 8 7 23 4 3 0 3 0 2 21 21 19 8 18 17 21 15 0 8 1 18 19 1 18 22 15 17 17 5 1 6 7 22 22 4
;
7 4 22 17 18 20 22 6 19 24 1 7 7 4 8 24 23 17 3 7 17 1 19 18 18 3 5 20 4 7 18 24 18 8 4 6 17 18 23 17 8 17 24 4 20 7 8 5 23 2 22 5 2 7 6 17 7 23 23 21 22 21 19 24 18 18 22 4 7 23 23 7 24 1 15 24 3 21 20 0 5 7 8 1 3 3 15 0 21 1 7 2 1 1 7 15 6 1 22 23 2 2 19 13 1 2 13 20 0 4 15 7 23 24 5 22 4 6 24 21 7 8 21 2 24 18 19 7 24 1 22 5 6 0 7 24 7 1 3 3 8 24 19 13 21 7 8 6 24 18 23 8 8 1 17 21 24 19 0 24 17 7 20 2 1 13 8 21 4 24 1 19 17 3 24 3 5 0 6 1 8 17 13 18 1 19 5 18 22 19 13 21 8 5 18 5 18 23 13 2
;
